BPR = 0.5 
F_mdot = [282.95198839 316.81145251 349.99617356 382.54264618 414.48403875
 445.85063687 476.67020836 506.96830667 536.76852572 566.09271568]
T_mdot = [nan nan nan nan nan nan nan nan nan nan]
F = [nan nan nan nan nan nan nan nan nan nan]
T = [nan nan nan nan nan nan nan nan nan nan]
S = [0.10413057 0.10484856 0.10563114 0.10645549 0.107307   0.10817593
 0.10905565 0.10994149 0.11083012 0.11171914]
TSFC = [nan nan nan nan nan nan nan nan nan nan]
f_b = [0.00679976 0.00766595 0.00853214 0.00939833 0.01026452 0.01113071
 0.01199689 0.01286308 0.01372927 0.01459546]
f_ab = [0.00365126 0.00411637 0.00458149 0.00504661 0.00551172 0.00597684
 0.00644195 0.00690707 0.00737219 0.0078373 ]
f_tot = [0.00818443 0.00922701 0.01026958 0.01131216 0.01235473 0.01339731
 0.01443988 0.01548246 0.01652503 0.01756761]
eta_T = [0.71000447 0.71872394 0.72661137 0.7338425  0.74053787 0.74678396
 0.75264511 0.75817074 0.76339987 0.76836395]
eta_P = [0.83904586 0.82319073 0.8082224  0.79406145 0.78063808 0.76789072
 0.75576476 0.74421156 0.73318768 0.72265411]
eta_O = [0.59572631 0.59164689 0.58726359 0.58271604 0.57809207 0.57344847
 0.56882265 0.56423943 0.55971537 0.55526137]
alpha = [0.5 0.5 0.5 0.5 0.5 0.5 0.5 0.5 0.5 0.5]
TPR = [14.87068479 14.87068479 14.87068479 14.87068479 14.87068479 14.87068479
 14.87068479 14.87068479 14.87068479 14.87068479]
pi_f = [1.98762768 2.15008526 2.32181276 2.50312054 2.69432232 2.89573519
 3.10767955 3.33047909 3.56446074 3.80995465]
Me = [2.85606434 2.90788329 2.95879485 3.00884508 3.05807627 3.10652735
 3.15423428 3.20123033 3.24754636 3.29321106]
Ve = [1020.45927648 1054.31874061 1087.50346166 1120.04993428 1151.99132685
 1183.35792497 1214.17749646 1244.47559477 1274.27581382 1303.60000378]

 ------------------------- 
BPR = 1.0 
F_mdot = [219.78934021 246.90130761 273.55437763 299.76933966 325.56541331
 350.96042209 375.97094124 400.61242443 424.89931318 448.84513202]
T_mdot = [nan nan nan nan nan nan nan nan nan nan]
F = [nan nan nan nan nan nan nan nan nan nan]
T = [nan nan nan nan nan nan nan nan nan nan]
S = [0.10054157 0.10090233 0.10136146 0.10188775 0.10246106 0.10306784
 0.10369866 0.10434683 0.10500744 0.10567686]
TSFC = [nan nan nan nan nan nan nan nan nan nan]
f_b = [0.00765334 0.00862827 0.00960319 0.01057811 0.01155303 0.01252796
 0.01350288 0.0144778  0.01545272 0.01642765]
f_ab = [0.00231165 0.00260612 0.00290059 0.00319506 0.00348953 0.003784
 0.00407847 0.00437294 0.00466741 0.00496188]
f_tot = [0.00613832 0.00692026 0.00770219 0.00848412 0.00926605 0.01004798
 0.01082991 0.01161184 0.01239378 0.01317571]
eta_T = [0.70892867 0.71769423 0.72550204 0.73257523 0.73906443 0.74507571
 0.75068648 0.75595499 0.76092625 0.7656358 ]
eta_P = [0.87031577 0.85661245 0.84355528 0.8310953  0.81918859 0.8077956
 0.79688067 0.78641146 0.77635865 0.7666955 ]
eta_O = [0.6169918  0.61478581 0.61200108 0.60883983 0.60543315 0.60186888
 0.59820754 0.59449167 0.59075167 0.58700952]
alpha = [1. 1. 1. 1. 1. 1. 1. 1. 1. 1.]
TPR = [14.87068479 14.87068479 14.87068479 14.87068479 14.87068479 14.87068479
 14.87068479 14.87068479 14.87068479 14.87068479]
pi_f = [1.8010265  1.92836562 2.06200929 2.20214117 2.34894669 2.502613
 2.66332897 2.83128519 3.0066739  3.18968905]
Me = [2.79135739 2.83616074 2.88026725 2.92370846 2.96651358 3.00870978
 3.05032231 3.09137476 3.13188914 3.17188608]
Ve = [ 957.29662831  984.40859571 1011.06166573 1037.27662776 1063.07270141
 1088.46771019 1113.47822934 1138.11971253 1162.40660128 1186.35242012]
